0 5.75 -74.54 
1 5.76 -74.55 
2 5.76 -75.49 
3 5.76 -75.43 
4 5.76 -74.44 
5 5.77 -74.45 
6 5.78 -75.39 
7 5.78 -75.33 
8 5.79 -74.34 
9 5.79 -74.35 
10 5.81 -75.30 
11 5.82 -75.24 
12 5.83 -74.25 
13 5.84 -74.26 
14 5.85 -75.20 
15 5.86 -75.15 
16 5.87 -74.16 
17 5.89 -74.16 
18 5.90 -75.11 
19 5.91 -75.05 
20 5.93 -74.06 
21 5.94 -74.07 
22 5.95 -75.02 
23 5.97 -74.96 
24 5.98 -74.97 
25 6.00 -74.98 
26 6.01 -75.93 
27 5.02 -75.88 
28 5.04 -74.89 
29 5.06 -74.90 
30 5.08 -75.85 
31 5.09 -75.80 
32 5.11 -74.81 
33 5.13 -74.83 
34 5.14 -75.78 
35 5.16 -75.73 
36 5.17 -74.74 
37 5.19 -74.75 
38 5.20 -75.70 
39 5.21 -75.65 
40 5.22 -74.66 
41 5.24 -74.68 
42 10.24 -73.68 
43 22.24 -69.69 
44 33.24 -65.69 
45 46.24 -60.70 
46 58.24 -55.70 
47 70.25 -49.70 
48 83.24 -43.70 
49 96.24 -36.71 
50 109.24 -31.70 
51 121.24 -25.69 
52 136.24 -18.69 
53 148.24 -12.70 
54 162.24 -7.70 
55 176.24 -1.71 
56 189.24 3.30 
57 203.24 9.30 
58 216.24 15.30 
59 229.24 20.31 
60 241.24 25.31 
61 255.24 31.31 
62 267.24 36.31 
63 278.24 40.31 
