0 18.87 -58.32 
1 18.87 -58.32 
2 18.87 -59.27 
3 18.88 -59.23 
4 18.87 -58.23 
5 18.87 -58.23 
6 18.88 -59.18 
7 18.89 -59.13 
8 18.89 -58.13 
9 18.89 -58.13 
10 18.90 -59.08 
11 18.90 -59.03 
12 18.90 -58.03 
13 18.91 -58.03 
14 18.92 -58.98 
15 18.93 -59.93 
16 18.93 -58.93 
17 18.94 -58.93 
18 18.95 -59.88 
19 18.96 -59.83 
20 18.97 -58.83 
21 18.97 -58.83 
22 18.99 -59.78 
23 19.00 -59.72 
24 19.01 -58.73 
25 18.02 -58.73 
26 18.03 -59.67 
27 18.04 -59.62 
28 18.05 -58.63 
29 18.06 -58.63 
30 18.08 -59.58 
31 18.09 -59.53 
32 18.10 -58.53 
33 18.11 -58.53 
34 18.13 -59.48 
35 18.14 -59.43 
36 18.15 -58.43 
37 18.16 -58.44 
38 18.17 -59.39 
39 18.19 -59.34 
40 18.20 -58.34 
41 24.20 -56.35 
42 34.21 -51.34 
43 42.21 -47.33 
44 52.20 -40.35 
45 60.21 -36.32 
46 69.21 -29.31 
47 77.21 -21.32 
48 86.22 -16.31 
49 94.22 -8.32 
50 102.23 -3.31 
51 111.23 4.67 
52 119.23 9.68 
53 127.23 15.68 
54 136.23 20.70 
55 144.23 26.73 
56 153.23 33.73 
57 160.23 37.76 
58 167.24 44.75 
59 175.24 50.74 
60 183.23 55.75 
61 190.23 61.72 
62 197.23 66.70 
63 204.23 70.70 
